----------------
|8   |-2  |-20 |
|10  |-10 |-19 |
|7   |-16 |-18 |
|5   |-9  |-17 |
|9   |-14 |-16 |
|6   |-12 |-15 |
|11  |-15 |-14 |
|12  |-18 |-13 |
|13  |-4  |-12 |
|14  |-8  |-11 |
|15  |-7  |-10 |
|16  |-11 |-9  |
|17  |-3  |-8  |
|18  |-13 |-7  |
|19  |-1  |-6  |
|20  |-17 |-5  |
|0   |-6  |-4  |
|0   |0   |-3  |
|0   |-19 |-2  |
|0   |-20 |-1  |
|0   |-5  |0   |
|0   |3   |1   |
|0   |2   |2   |
|0   |1   |3   |
|0   |4   |4   |
----------------
 a     b      c
----------------
|11  |6   |-20 |
|12  |5   |-19 |
|13  |7   |-18 |
|14  |-2  |-17 |
|15  |-10 |-16 |
|16  |-16 |-15 |
|17  |-9  |-14 |
|18  |-14 |-13 |
|19  |-12 |-12 |
|20  |-15 |-11 |
|8   |-18 |-10 |
|10  |-4  |-9  |
|9   |-8  |-8  |
|0   |-7  |-7  |
|0   |-11 |-6  |
|0   |-3  |-5  |
|0   |-13 |-4  |
|0   |-1  |-3  |
|0   |-17 |-2  |
|0   |-6  |-1  |
|0   |0   |0   |
|0   |-19 |1   |
|0   |-20 |2   |
|0   |-5  |3   |
|0   |3   |4   |
|0   |2   |5   |
|0   |1   |6   |
|0   |4   |7   |
----------------
 a     b      c
----------------
|-5  |-16 |-20 |
|0   |-14 |-19 |
|-6  |-12 |-18 |
|-1  |-15 |-17 |
|-3  |-18 |-16 |
|-7  |-11 |-15 |
|-8  |-13 |-14 |
|-4  |-17 |-13 |
|-9  |-19 |-12 |
|-10 |-20 |-11 |
|-2  |0   |-10 |
|1   |0   |-9  |
|2   |0   |-8  |
|3   |0   |-7  |
|4   |0   |-6  |
|5   |0   |-5  |
|6   |0   |-4  |
|7   |0   |-3  |
|8   |0   |-2  |
|9   |0   |-1  |
|10  |0   |0   |
|11  |0   |1   |
|12  |0   |2   |
|13  |0   |3   |
|14  |0   |4   |
|15  |0   |5   |
|16  |0   |6   |
|17  |0   |7   |
|18  |0   |8   |
|19  |0   |9   |
|20  |0   |10  |
----------------
 a     b      c
----------------
|-2  |-10 |-20 |
|1   |-9  |-19 |
|2   |-8  |-18 |
|3   |-7  |-17 |
|4   |-6  |-16 |
|5   |-5  |-15 |
|6   |-16 |-14 |
|7   |-14 |-13 |
|8   |-12 |-12 |
|9   |-15 |-11 |
|10  |-18 |-10 |
|11  |-11 |-9  |
|12  |-13 |-8  |
|13  |-17 |-7  |
|14  |-19 |-6  |
|15  |-20 |-5  |
|16  |0   |-4  |
|17  |0   |-3  |
|18  |0   |-2  |
|19  |0   |-1  |
|20  |0   |0   |
|0   |0   |1   |
|-1  |0   |2   |
|-3  |0   |3   |
|-4  |0   |4   |
----------------
 a     b      c
----------------
|-5  |-16 |-20 |
|-6  |-14 |-19 |
|-7  |-12 |-18 |
|-8  |-15 |-17 |
|-4  |-18 |-16 |
|-3  |-11 |-15 |
|-1  |-13 |-14 |
|0   |-17 |-13 |
|-2  |-19 |-12 |
|1   |-20 |-11 |
|2   |-10 |-10 |
|3   |-9  |-9  |
|4   |0   |-8  |
|5   |0   |-7  |
|6   |0   |-6  |
|7   |0   |-5  |
|8   |0   |-4  |
|9   |0   |-3  |
|10  |0   |-2  |
|11  |0   |-1  |
|12  |0   |0   |
|13  |0   |1   |
|14  |0   |2   |
|15  |0   |3   |
|16  |0   |4   |
|17  |0   |5   |
|18  |0   |6   |
|19  |0   |7   |
|20  |0   |8   |
----------------
 a     b      c
----------------
|-4  |-8  |-20 |
|-3  |-7  |-19 |
|-1  |-16 |-18 |
|0   |-14 |-17 |
|-2  |-12 |-16 |
|1   |-15 |-15 |
|2   |-18 |-14 |
|3   |-11 |-13 |
|4   |-13 |-12 |
|5   |-17 |-11 |
|6   |-19 |-10 |
|7   |-20 |-9  |
|8   |-10 |-8  |
|9   |-9  |-7  |
|10  |0   |-6  |
|11  |0   |-5  |
|12  |0   |-4  |
|13  |0   |-3  |
|14  |0   |-2  |
|15  |0   |-1  |
|16  |0   |0   |
|17  |0   |1   |
|18  |0   |2   |
|19  |0   |3   |
|20  |0   |4   |
|-5  |0   |5   |
|-6  |0   |6   |
----------------
 a     b      c
----------------
|-13 |-18 |-20 |
|-11 |-17 |-19 |
|-15 |-19 |-18 |
|-12 |-20 |-17 |
|-16 |0   |-16 |
|-14 |0   |-15 |
|-10 |0   |-14 |
|-9  |0   |-13 |
|-8  |0   |-12 |
|-7  |0   |-11 |
|-6  |0   |-10 |
|-5  |0   |-9  |
|-4  |0   |-8  |
|-3  |0   |-7  |
|-1  |0   |-6  |
|0   |0   |-5  |
|-2  |0   |-4  |
|1   |0   |-3  |
|2   |0   |-2  |
|3   |0   |-1  |
|4   |0   |0   |
|5   |0   |1   |
|6   |0   |2   |
|7   |0   |3   |
|8   |0   |4   |
|9   |0   |5   |
|10  |0   |6   |
|11  |0   |7   |
|12  |0   |8   |
|13  |0   |9   |
|14  |0   |10  |
|15  |0   |11  |
|16  |0   |12  |
|17  |0   |13  |
|18  |0   |14  |
|19  |0   |15  |
|20  |0   |16  |
----------------
 a     b      c
----------------
|-10 |-14 |-20 |
|-9  |-16 |-19 |
|-8  |-15 |-18 |
|-7  |-18 |-17 |
|-6  |-17 |-16 |
|-5  |-19 |-15 |
|-4  |-20 |-14 |
|-3  |0   |-13 |
|-1  |0   |-12 |
|0   |0   |-11 |
|-2  |0   |-10 |
|1   |0   |-9  |
|2   |0   |-8  |
|3   |0   |-7  |
|4   |0   |-6  |
|5   |0   |-5  |
|6   |0   |-4  |
|7   |0   |-3  |
|8   |0   |-2  |
|9   |0   |-1  |
|10  |0   |0   |
|11  |0   |1   |
|12  |0   |2   |
|13  |0   |3   |
|14  |0   |4   |
|15  |0   |5   |
|16  |0   |6   |
|17  |0   |7   |
|18  |0   |8   |
|19  |0   |9   |
|20  |0   |10  |
|-13 |0   |11  |
|-11 |0   |12  |
|-12 |0   |13  |
----------------
 a     b      c
----------------
|-20 |0   |-20 |
|-19 |0   |-19 |
|-18 |0   |-18 |
|-17 |0   |-17 |
|-16 |0   |-16 |
|-15 |0   |-15 |
|-14 |0   |-14 |
|-13 |0   |-13 |
|-12 |0   |-12 |
|-11 |0   |-11 |
|-10 |0   |-10 |
|-9  |0   |-9  |
|-8  |0   |-8  |
|-7  |0   |-7  |
|-6  |0   |-6  |
|-5  |0   |-5  |
|-4  |0   |-4  |
|-3  |0   |-3  |
|-1  |0   |-2  |
|0   |0   |-1  |
|-2  |0   |0   |
|1   |0   |1   |
|2   |0   |2   |
|3   |0   |3   |
|4   |0   |4   |
|5   |0   |5   |
|6   |0   |6   |
|7   |0   |7   |
|8   |0   |8   |
|9   |0   |9   |
|10  |0   |10  |
|11  |0   |11  |
|12  |0   |12  |
|13  |0   |13  |
|14  |0   |14  |
|15  |0   |15  |
|16  |0   |16  |
|17  |0   |17  |
|18  |0   |18  |
|19  |0   |19  |
|20  |0   |20  |
----------------
 a     b      c
before block a =6
new block = 3
before block a =11
new block = 4
before block a =4
new block = 2
before block a =6
new block = 3
